150118 000002 600048 001979 600383 600340 600177 600415 600649 000540 600606 13.56 8.56 4.26 3.7 3.26 2.86 2.79 2.75 2.56 2.39
150131 600276 600518 000423 000538 600196 600535 600867 600085 002007 002252 6.45 6.43 3.94 3.33 3.04 3.02 2.55 2.54 2.46 2.44
150185 002310 300072 300316 300156 002421 300197 000581 300203 300090 002479 1.49 1.46 1.29 1.29 1.23 1.22 1.2 1.2 1.18 1.14
150195 002024 300017 002739 300104 002241 600570 002456 002230 600703 600271 2.84 2.74 2.42 2.32 2.3 2.29 2.18 2.13 2.03 2.03
150197 601899 600547 600111 601600 600489 000630 000060 600219 002340 002460 5.92 5.56 4.86 4.52 4.22 3.3 3.17 3.14 3.02 2.8
150199 600519 600887 000858 002304 000568 000895 600737 600873 000729 600600 13.92 13.03 9.6 5.78 4 3.59 2.04 1.9 1.6 1.54
150201 600837 600030 601688 600999 000776 600958 002736 000166 601377 000783 13.03 12.84 5.93 5.05 4.9 4.23 4.1 3.81 3.59 3.57
150206 600893 000768 600118 002465 600879 002179 000738 600482 600435 002013 7.38 6.4 5.19 4.64 3.65 3.36 3.34 3.16 2.99 2.89
150212 600066 002594 002466 300124 000559 002407 002340 002460 600418 002176 4.55 4.07 3.48 2.8 2.58 2.5 2.19 2.03 2.02 1.95
150218 000839 002129 600406 601877 600021 300207 000690 601727 600522 600418 1.89 1.74 1.7 1.68 1.67 1.63 1.62 1.6 1.53 1.53
150228 600016 601166 600036 601328 600000 601288 601169 601398 601988 000001 12.79 12.44 10.85 8.88 8.33 6.99 6.47 6.28 4.15 3.64
150244 300104 300059 300017 300070 300024 300072 300408 300027 300124 300136 4.1 3.47 2.93 2.41 2.24 2.14 1.71 1.71 1.63 1.47
150248 300104 300059 000503 300017 600637 002739 000839 300027 600804 000793 6.04 5.63 4.7 4.55 4.47 4.35 4.23 3.36 3.27 2.99
150270 000568 600519 000858 002304 000860 600702 600809 000596 600199 002646 16.95 15.06 14.91 12.99 7.45 5.34 4.65 4.52 3.4 3.1
150278 601390 601766 601186 600820 002501 300001 000008 600967 600169 002480 13.92 13.34 12.42 6.11 3.5 3.25 3.21 3.08 2.73 2.68
150288 600010 000709 002075 000778 000825 600307 600808 000898 000959 600019 10.17 5.89 5.21 4.38 3.41 3.38 3.16 2.69 2.58 2.57
150290 601088 000983 600157 601225 601898 601699 600348 601011 000937 601001 8.89 7.78 7.69 5.87 5.33 4.94 4.26 3.52 3.41 3.11
150296 600519 000858 600104 600050 601328 601390 601555 600547 600009 601669 3.02 2.99 2.94 2.85 2.74 2.66 2.23 2.22 2.12 2.02
150330 601601 601318 601628 601336 600036 600016 601169 601939 600291 601857 20.9 20.48 12.67 11.96 9.59 4.14 3.42 1.74 1.39 1.36
502015 601766 601668 601390 601186 601018 601727 601919 601669 600089 600068 8.85 7.87 5.42 4.27 3.58 3.42 3.42 3.39 3.08 3
150153 300104 300059 300017 300070 300024 300072 300027 300408 300124 300136 4.25 3.59 3.03 2.51 2.31 2.21 1.78 1.78 1.69 1.52
150172 600837 600030 601688 600999 000776 600958 002736 000166 601377 000783 13.39 13.2 6.1 5.19 5.04 4.35 4.22 3.82 3.68 3.67
150222 601989 600893 000768 600482 600118 300024 600685 600372 000738 002465 9.38 6.17 5.5 4.97 3.54 3.42 3.25 3.08 2.87 2.65
150210 600519 000858 600104 600050 601328 601390 601555 600009 601669 600406 3 2.99 2.93 2.84 2.73 2.64 2.18 2.08 1.98 1.91
150182 601989 600893 600271 000768 002465 600118 600150 600879 002049 000748 8.46 4.01 3.67 3.48 3.25 2.82 2.23 1.98 1.94 1.94
150276 601668 000063 601989 600028 601390 601857 601766 601186 002202 601669 3.02 2.78 2.75 2.68 2.66 2.63 2.52 2.42 2.39 2.31
150304 300104 300059 300017 300070 300024 300072 300027 300124 300168 300315 7.4 6.14 5.11 4.05 3.87 3.85 3.01 2.88 2.41 2.31
150300 600016 601166 600036 601328 600000 601288 601169 601398 601988 000001 12.74 12.4 10.81 8.84 8.3 6.97 6.44 6.26 4.13 3.63
150224 600837 600030 601688 600999 000776 600958 002736 000166 601377 000783 12.93 12.74 5.89 5.01 4.87 4.2 4.07 3.78 3.56 3.54
150214 002415 002450 300059 002736 300104 002673 300017 300072 002466 002202 4.49 4.34 3.87 3.79 3.7 3.17 2.88 2.27 2.18 2.13
150332 000609 601318 002285 601998 000001 601555 000712 601166 002024 600109 3.4 3.05 3.04 3 2.99 2.98 2.88 2.85 2.84 2.8
150204 300104 300059 000503 300017 600637 002739 000839 300027 600804 000793 6.16 5.74 4.79 4.64 4.56 4.44 4.31 3.41 3.33 3.05
502005 601989 600893 600271 000768 600118 600150 600879 002049 000748 002179 8.59 4.04 3.69 3.5 2.84 2.24 2 1.96 1.96 1.84
150187 601989 600893 600271 000768 600118 002465 600150 600879 002049 600482 8.17 4.02 3.68 3.49 2.84 2.81 2.24 2 1.95 1.94
150322 601088 000983 600157 601225 601898 601699 600348 601011 000937 601001 8.85 7.75 7.66 5.84 5.31 4.92 4.24 3.51 3.4 3.1
